33.83155 -118.102369
33.830464 -118.113013
33.830378 -118.124025
33.830375 -118.12082
33.830417 -118.105052
33.831926 -118.099261
33.828767 -118.087819
33.825665 -118.084148
33.824912 -118.091661
33.822133 -118.091354
33.819996 -118.091016
33.810208 -118.096899
33.810353 -118.10339
33.817933 -118.108255
33.819242 -118.134382
33.823555 -118.13427
33.810244 -118.150926
33.798083 -118.138175
33.799551 -118.138094
33.799508 -118.13641
33.815513 -118.15928
33.827911 -118.165699
33.851619 -118.175488
33.851542 -118.175488
33.842123 -118.198942
33.851443 -118.171968
33.83874 -118.167908